19099
18867
5542
17058
15580
13061
6918
6987
10730
16694
8592
10849
11157
20785
17847
17321
1023
685
11048
18268
16080
13665
5342
14384
4092
9997
9568
4032
7421
12059
3983
583
15893
17712
10077
19660
19689
11781
11834
3112
16317
3204
12809
1800
10358
1488
6488
12841
5
5035
8649
6944
11137
14910
11468
16637
3422
14754
18320
17637
15904
20682
13680
708
20208
11859
9423
7888
6108
5416
10460
18967
20348
20324
13942
515
8889
17337
20842
20262
8899
9865
2084
187
9944
6367
15336
11390
17127
11137
12668
10678
16613
17831
9022
1041
7456
19016
8956
6951
12569
8696
4
8862
6397
1677
7518
14751
694
3643
17839
9844
10346
4218
19743
18416
5874
6495
9556
19829
3349
13657
8002
16319
6090
4098
12464
16802
3004
4181
8657
15984
17411
8539
4077
20903
10021
4983
20729
4182
20097
3730
20495
15255
17217
7691
8506
16231
832
9137
6943
11125
6503
4090
7547
4225
385
18528
6379
1701
9063
1676
20577
2688
695
7812
8952
8769
17169
515
6942
5299
8680
1637
6793
11601
588
43
12349
10346
17981
21028
1820
20495
381
7980
274
11459
8439
8537
15891
14853
4032
14947
17397
2685
15887
587
685
17717
909
7808
7688
18814
13686
17058
13511
102
18359
8017
4337
18210
6537
11143
2587
11401
6424
10684
17340
13317
299
3006
15300
2538
15771
1738
18085
10311
12328
3253
9465
4918
10003
1070
12356
6144
11097
19558
6497
17582
7243
18318
7001
7814
922
17582
19668
137
11078
10022
1442
20612
14694
3015
306
18901
6081
8679
3904
13670
8285
18426
14442
12526
13259
17723
11451
11053
5345
13688
15355
12440
16956
10102
15271
11097
13675
2263
14832
1139
7519
926
5976
19080
8653
4
19757
5044
5298
8207
8208
16537
4633
15045
305
17712
12873
6084
10325
4766
5347
589
3910
8682
9869
5415
8286
10646
12119
14695
16798
3986
18806
7359
4818
18398
20981
11904
20116
9155
3010
19594
4670
8948
4189
14823
20864
706
6760
9962
9564
9755
989
1669
16966
9667
14694
19724
3866
3015
14477
11073
12388
18394
7403
18116
685
11124
11845
7529
10679
7225
20581
15803
19939
11135
7161
11695
3524
19111
1539
11044
12132
4458
3977
8476
8957
19941
12359
8203
5423
14954
19567
2253
9544
6095
9803
4515
9542
8586
8770
2450
15242
13677
13627
16179
12927
18073
18329
7605
3730
18084
4982
3984
11054
9006
20206
16865
10076
6939
11905
8952
8289
6127
19684
8824
11388
18128
15252
4092
15209
16203
20097
16889
18067
9048
8661
2362
3460
12521
5079
5720
9671
13943
10455
6948
3733
2538
14613
6525
18426
8948
2545
1376
19616
19896
8281
3969
11625
516
18504
5691
2018
10032
8281
15253
1800
7224
8765
4180
6651
12938
1790
3731
6659
10849
11040
14440
19130
3307
16509
15895
19756
20843
11327
14831
16922
2426
7515
9464
8435
11286
7884
7572
7232
582
8899
21009
18758
12166
15840
667
14068
9867
14016
9103
12077
15888
17918
855
3242
16905
19310
10322
17113
18317
2741
12862
20978
993
212
8577
16965
12439
18758
12066
3897
6252
8661
19565
20738
11084
4275
12710
13712
8889
8891
8580
695
19692
6543
1419
4747
4822
6851
15539
4098
6866
3722
13695
10632
20108
16722
5571
13039
18558
4977
1304
17114
10447
4818
14662
5424
19446
18140
5805
307
20575
17219
2267
8954
1670
7158
20978
7974
12916
18427
619
6181
15751
5991
20502
7967
2744
10054
4192
19144
8539
8769
20852
5079
9158
11452
16380
1982
15885
4717
17399
11153
589
8539
5459
3733
20657
9872
1390
1276
11465
1513
19614
14755
5810
4816
5156
7290
8037
9965
267
4193
13214
12132
8521
15174
9952
9115
4987
13678
20207
17647
8463
11137
14084
20873
2271
17376
11710
17677
15928
10178
19083
12126
18322
6098
15770
9437
3840
12441
19702
9421
7422
11450
20384
4978
3260
2733
17050
12862
12936
14889
17739
8791
2
8897
20895
1062
5154
16439
6823
7513
8764
16146
9579
171
6777
3002
5141
15751
15886
7926
4980
11913
19688
19451
20115
4779
13311
18937
13681
16553
8431
3559
2536
5943
5763
7516
3507
12054
18553
9673
20261
15074
4
15255
17591
18149
19474
17981
3250
4827
324
8772
8890
9951
11993
17335
251
5390
8763
12076
8815
2504
11414
20210
7295
7182
11413
15742
13687
19751
13695
6943
4191
18767
20943
18895
3161
5344
19971
3332
5875
1680
8192
5353
13596
5079
18413
9951
19570
16905
8580
8682
3968
10662
3006
4829
16950
8525
4611
17391
7231
16819
12348
7845
8957
6745
8287
15898
9541
6542
2083
15212
12382
15539
890
1675
13690
138
17113
17114
10713
15125
20172
12100
2852
5874
8940
18359
6940
7161
5416
10207
9952
18812
2741
5446
9465
15756
15894
3908
11449
1015
4277
8568
18316
1781
6823
8893
17549
4071
7296
5865
7810
8435
16670
18994
8656
2737
5406
15505
1860
14392
6936
16474
1071
17591
20479
7595
2542
18967
6182
13671
19772
15552
3908
6760
8510
2614
12054
12074
8584
2112
20634
19033
8343
4982
6113
700
20112
4630
19627
19777
18186
17354
12315
15746
18116
1424
1356
17047
7963
11709
9867
20564
13626
8556
6080
17335
3250
6524
12862
6540
9895
13498
15841
5864
10032
12096
19251
17593
12609
2085
7457
8282
4856
9670
510
11733
1390
3227
19614
8581
10152
4279
12339
13662
11682
7684
17391
16419
15365
1801
3665
5580
17720
17115
16953
4703
3261
7684
434
9673
8944
14759
9158
8583
10705
10850
12565
5123
16850
6254
13324
12120
5867
17054
9919
8941
19661
11754
7814
5351
3807
8531
5876
10312
20631
4704
9416
7861
12074
17049
20261
18069
11670
11049
9880
11908
13574
18066
5519
8542
14636
5528
4094
9959
401
3015
10320
5350
14686
4099
8950
19225
9293
14512
17239
19697
9083
16875
842
10330
15709
7244
18575
8338
16951
13672
17113
5654
11906
3342
3239
12064
12046
6089
6024
3941
18320
15915
13665
229
103
13947
17310
16357
1028
1277
8896
6540
10455
16339
12844
863
8365
8900
4711
9124
9095
2564
10576
5
19613
17509
11546
20610
10260
869
19569
12333
17629
14292
7684
9347
9551
583
14199
17411
17339
842
8761
9175
309
188
17395
17055
8835
16873
18281
16433
14605
12128
18070
14697
15803
10621
11670
10681
2346
11467
719
15579
20582
13844
20575
9422
12048
16746
19568
11318
18900
15802
11467
12009
17349
8886
6147
11692
837
15581
9106
2586
7860
16915
5810
14774
127
6316
18128
16471
8202
5373
19390
14673
4533
16667
10034
12996
7039
10912
8377
8224
12051
20109
15334
7553
4460
4316
7579
8348
12635
2181
12240
20078
14166
15545
13993
12071
4184
11128
597
15032
6002
17878
10327
15156
8287
14759
5804
2462
19620
15744
20771
915
10545
12478
12040
5659
17087
305
11132
7521
4192
20215
15801
18426
688
12331
2671
11060
11461
4978
16898
6088
20208
17909
20714
11468
6092
5081
9557
14981
9724
5875
19702
16956
8437
18691
13703
20729
6524
17434
11398
4034
16487
17112
12995
15887
13391
19690
16608
18509
7953
20837
730
8946
4336
19701
7495
17979
11904
11080
10494
5868
694
5078
16317
9007
18576
6515
8945
7683
20108
6083
11069
6788
12515
12809
8769
18089
19558
6107
6096
11389
10347
6636
10674
2652
5132
18909
20595
17339
7681
4470
17390
15097
12077
10318
12888
5823
4815
5143
2337
5867
19693
10329
17979
5395
7525
7240
4492
6378
20509
10394
7158
18939
17463
9108
10520
6939
1680
9962
13979
13893
14616
8896
20207
4713
15743
13003
13950
4539
9162
7095
3317
15900
16954
1800
12340
4485
7938
6952
15941
13205
11269
4989
10320
17652
272
9870
4825
20115
6141
17729
11559
9142
11145
15109
16887
101
14756
267
8569
19659
4094
16144
3010
5009
11402
6937
13311
2544
20113
8894
6281
8713
3014
2162
11053
5414
17815
11412
17055
12617
19790
8900
9549
3986
138
18319
4115
11124
12063
18350
6080
7810
7981
18199
16592
11086
8867
1001
890
17219
14751
4730
17595
8
14023
7689
6544
18218
2820
19055
923
18970
7156
3029
7564
2690
15751
6496
3271
14484
13196
4300
12979
17723
4020
19704
17742
20659
15885
299
9475
15898
7869
12404
16753
8094
17055
10996
12066
12258
10362
14759
19169
106
2272
6539
12328
3939
17218
6423
515
7806
18802
15690
13934
13603
10690
17258
15572
5957
13659
4493
10321
2566
20520
17396
11080
2267
299
5915
4987
7519
12439
16904
19172
37
6145
5926
6184
844
15730
8893
15002
19742
16644
2544
17741
11048
8637
12442
13629
9943
19983
4147
8227
715
18337
3648
18489
17552
18083
416
4181
11543
12461
4096
8539
10338
6466
239
15436
12926
18156
11359
6181
8230
3055
13658
8951
10677
7479
18227
4489
4940
2541
15742
8657
9460
20124
14053
707
19182
12889
14945
8889
8976
14655
16247
923
12052
16802
13734
13185
18220
17390
691
12111
18474
12050
13939
11915
15549
10972
18121
13312
13947
19530
16013
14758
8435
11457
11210
697
2937
19070
17093
8284
9211
11426
18759
2583
3241
19705
19620
20825
11654
4978
19814
974
5652
6083
7526
6142
12233
20292
12242
19394
5320
6095
17596
7243
508
19659
3975
17335
11701
7524
10679
14947
8374
14691
17228
9822
1664
10678
712
12053
20757
19097
6681
14160
12706
736
8282
1447
6254
11652
12937
3982
15755
16571
7049
4490
15335
11825
17221
14956
16588
11704
11052
20978
11761
12349
13940
19693
19139
18207
20994
18835
6182
1452
20575
19742
15842
12302
706
10393
140
9957
14091
16356
2065
16845
8012
842
16891
2009
9496
11712
7226
12752
697
4199
8900
13847
6137
7522
4719
9958
4830
12864
3976
12329
6097
13317
3367
18064
890
304
14739
19021
17393
12945
4312
8337
15095
15247
10327
20968
18420
13950
17580
8760
13259
6425
4335
15204
16261
3015
7982
2109
4525
18139
16889
17393
6507
18160
6144
11681
10621
12066
19121
18899
6377
18447
20758
14174
18203
10353
9462
5077
12435
258
8211
5296
7681
4623
19399
3385
8
7681
12327
15692
2544
11138
4620
13206
11688
9907
8224
15374
13662
6544
890
20068
7238
18938
15219
2539
10360
1601
16948
13996
11018
9544
13688
12383
19899
8207
3897
12810
9863
12127
11080
7521
581
20108
184
10986
15459
7296
5370
9439
12351
18120
11133
7527
16488
10750
19354
6093
1680
15894
18527
14794
11079
11423
14759
5824
5918
20855
7235
3680
12994
5919
88
4190
8227
16954
6742
3552
1673
5369
7514
11131
18316
18658
4402
10022
18073
11138
11427
2764
5598
8894
2064
11421
15578
7127
2346
6946
13606
13991
7968
8428
8893
10681
779
7383
17808
7158
653
8435
4340
4714
7791
9057
9549
4145
18284
15857
12784
6081
2732
19659
14108
8576
5807
13585
20345
11129
11335
12123
6407
6139
1495
4824
3009
3976
2271
15886
8661
8464
15749
14362
20843
720
11907
15580
5200
6942
19712
6951
244
4623
16014
15545
20874
269
9557
17335
20732
15692
7874
7375
11142
11699
11122
18684
10323
11464
8575
14521
5190
4708
6419
12981
712
377
6354
3031
5622
4830
9473
20851
11902
20925
10074
6423
2587
10676
1800
802
17592
5417
6165
1745
7295
18154
1885
18951
11136
12124
7856
14469
9420
9136
10455
692
13200
4826
5296
9668
10008
17278
13943
20763
8574
8581
17611
14822
855
9567
8938
16043
5891
18094
18037
13093
1384
1819
2538
8284
18219
1854
6421
8932
8656
17555
6424
7155
11121
8570
16613
18069
11236
11710
4185
16142
7154
5688
9667
8948
6143
4741
8211
8946
18142
17547
9420
8677
20976
16138
18937
11134
17394
4710
12808
17936
14931
18604
4714
8438
11464
16891
2614
13672
15745
16729
7039
19686
8807
4099
13338
11905
18199
7983
2502
16953
10730
11056
2684
8764
18260
20582
11696
1852
20205
19620
9881
13505
2312
18339
3532
6796
19832
4493
5077
195
8211
7812
18138
7680
6142
9944
18830
13962
3015
4116
13698
11710
4297
11422
15633
10330
9624
303
5417
5942
14723
12090
7866
11144
8683
8950
11095
8659
9866
15072
1142
14273
9963
18427
12319
20920
12782
20202
15803
3824
9763
9435
3985
15755
18317
3972
15622
19249
140
19283
7528
11422
6543
13218
2315
20125
7685
17579
12335
10314
6089
4706
6140
17397
3719
12341
7854
7240
6592
9951
10520
5441
11704
7681
12990
2685
17213
16325
7292
4489
7682
3840
7513
5863
6116
6098
7235
9665
8957
8843
730
6319
15834
12440
300
8225
2719
10017
12862
5877
4565
12301
17456
12284
17980
16954
14817
2325
13311
15571
10319
7540
20578
8227
13261
7286
11696
8718
20843
18318
9431
16814
3217
8211
8585
17714
18900
6494
11524
18489
4480
6796
4114
7517
15733
17047
10484
3931
9466
7860
20581
16140
20258
13682
16176
17721
16253
13343
11648
13926
2742
7711
18142
512
5861
10346
18509
7878
17217
931
7813
12438
7290
8440
13129
17393
689
20424
5804
15355
18763
9058
15692
3241
3011
1772
11501
19924
13943
2471
12737
8938
6253
11052
20580
2592
14264
19700
5415
20421
19870
13671
14200
10080
925
15355
5098
15996
18120
10319
7385
6619
19559
15743
5301
6748
18566
14411
17038
1414
9948
528
20510
5808
7058
3738
18797
20285
17827
11048
3996
12933
13691
8308
696
10456
894
12326
8435
16954
10935
16917
275
9376
12876
16917
15548
13315
8682
14756
16006
18372
9866
20253
2583
14414
699
18420
7525
19141
16224
17579
695
13724
4195
6536
16881
19616
17582
7417
193
3076
11569
9544
19614
11982
6085
2749
20771
19697
6077
18156
9064
6147
6900
3241
4090
11343
9158
14742
8885
11042
18309
8879
10003
12935
12993
7855
9402
15472
969
20676
18145
2196
4805
197
6935
12065
19616
19689
13573
17402
20750
10456
3910
14973
12781
8898
10364
185
20575
10022
2687
14227
17401
13072
14810
3887
4488
8876
692
4452
18835
11315
6922
15114
16873
13678
3159
8536
3841
20299
19660
8510
12020
19601
17172
11080
10665
15832
11137
4492
20261
4199
10030
2999
11144
19561
12147
11039
10196
299
15490
6953
17951
2141
10701
6122
12382
7866
3546
1491
13672
19694
3965
6606
8435
18751
20107
13661
8284
7524
8336
16477
20849
16476
13672
14750
1146
2745
4371
7538
4999
13882
424
11703
12059
14830
20488
9462
11388
19821
8211
15802
8680
17594
1114
8904
1819
11118
9465
7869
7236
5719
4716
13679
6541
6543
18318
13943
13934
10007
12871
15119
11942
5871
703
2924
18117
8207
3984
19691
9866
6028
18322
17723
8487
17595
8789
20263
8713
8276
8397
837
1254
717
4046
5150
7265
19560
8680
11697
331
18224
11414
13271
20722
7462
18908
13253
21041
6499
7867
18279
20487
7691
5
19690
19567
8641
7239
15178
7795
15885
12978
8950
20854
3905
9065
18053
3900
13946
20210
18758
552
7968
5666
10007
14767
13678
20638
17305
3908
8441
13323
711
8891
17629
7854
14494
12331
13507
20107
19705
8996
7728
11692
12053
7190
13979
9073
7872
3975
9954
7860
6436
13924
17404
14863
8887
10009
509
7524
19724
18214
18728
9905
3976
2269
18547
6500
18161
864
10009
713
2655
9874
514
4156
8354
17395
20675
105
15864
20546
17344
10317
15101
17317
17360
2345
10005
16955
8891
13669
1128
3126
18346
11445
5048
15845
100
19199
10823
8891
188
20333
18387
15502
15478
11420
4183
8276
3174
15705
13833
6090
5638
6419
8225
14489
6139
12332
10851
17725
20483
8258
15518
4098
14589
17335
20851
14678
11120
11436
6818
10674
5828
18150
512
1402
12351
16915
3976
12330
12050
14032
11009
17447
12125
19620
2745
648
4914
14516
1837
14647
20458
17044
2186
2741
10849
14707
3977
1679
19289
12962
3014
2291
8509
20124
301
6541
9712
8520
12353
17058
496
8769
16858
20769
16229
12125
12579
2006
9115
10621
17918
2043
634
3106
18578
19571
19249
7855
3734
20647
10079
8577
4883
258
11721
17145
11910
12270
3249
19691
7302
8063
6978
4188
7911
5423
20579
17276
11914
6096
10447
14749
1837
5424
10971
9879
13763
8876
2828
4826
5610
20847
5421
4184
15430
688
11463
8653
7232
190
17240
1800
14745
11136
20772
20176
9064
9625
6447
8022
16002
8438
3909
5121
2664
15802
843
18068
9565
12144
11671
20770
585
8753
11280
8681
10031
3016
15043
12066
14678
18094
15901
11466
15545
19284
2235
13663
16642
9823
2178
1741
9967
8888
4096
2069
3982
19518
17229
14901
13627
15835
3871
17720
4900
11708
13937
18897
102
15745
11710
9967
11434
15102
5131
16677
9565
17591
1491
8642
1780
11918
10321
7349
15964
9623
5324
2044
11709
19079
6088
4601
12328
13518
1740
17231
9975
3730
2275
2738
8945
10663
885
10074
7874
17127
18120
12805
9958
714
8638
9946
6140
10032
20849
21007
197
11137
4004
14363
15843
16849
10345
17043
699
14989
15831
2743
9947
8897
8769
17195
16968
5801
12927
15685
5810
12626
11054
714
7977
6942
3031
18759
2121
211
694
9583
4489
8571
15904
17220
17593
2884
11125
12145
11417
13298
2718
18222
12045
20508
13388
2552
16153
3340
20772
13524
15111
2276
5336
192
13691
4709
17342
18279
11494
20517
10327
6139
10621
8238
9213
19970
12979
5426
6170
20644
3494
18895
18427
20575
7967
11711
17213
15449
12050
12329
6082
20256
10078
7521
17932
18295
1679
9551
8950
20885
9541
8759
15213
7512
5876
14947
18084
7527
7163
707
9466
17450
12330
14684
8275
5612
5793
17545
18938
5864
6572
57
4389
8790
6494
17594
18427
18249
19284
6993
11425
20108
8464
20676
30
20824
2271
17113
18786
15801
12985
10659
17629
15832
3484
6664
17337
9960
1669
20126
18361
12455
9525
9424
506
17362
511
4334
17585
17525
3486
3731
17396
8310
13947
14323
2085
14661
19566
13518
5353
8939
7517
19387
7238
16476
4991
20771
15002
6602
17062
12978
19235
4979
3205
8943
2310
15672
797
257
15928
17048
18223
16704
9158
11051
17357
15009
7684
12822
18268
20431
10352
693
1441
14520
4192
20111
19697
7854
1740
5861
13322
15746
9808
8435
4680
6871
7822
11135
6143
8898
18360
3303
2266
10320
8877
6494
7878
13935
11150
7976
19757
2997
507
13391
6081
9364
3
11123
15893
11409
20774
17277
4188
428
907
8665
17058
2650
1751
12927
5425
9135
4076
18021
2738
17774
20577
2687
7688
7241
12867
10587
7296
3906
19218
17486
3271
11466
14758
2888
8641
17044
13805
18758
8879
99
637
14299
9942
12633
17579
6110
15686
16356
12145
18898
6086
11144
10000
19086
18142
8717
19272
11744
18128
11417
16917
7870
7971
3111
686
3005
9608
12818
11708
17278
18779
5947
191
3007
4744
9747
15386
6158
13384
20036
6084
4415
18929
5808
17113
8891
15744
13206
6162
3555
17044
6949
15744
8658
11466
19563
19660
17910
573
13153
7853
4115
16846
14948
6505
10682
6089
10031
13940
12342
8358
1908
13999
11135
2315
3903
8287
19083
19203
7297
18758
361
8586
18142
13675
11135
19854
6509
13936
1276
15756
19319
5340
2744
6118
9742
17402
8637
11435
11054
8208
12814
5249
12242
12329
12382
20519
4719
20264
8719
15723
8281
3459
9568
14544
3082
4832
11129
4333
11427
15801
6490
11142
12055
879
20580
19283
47
8339
17721
18896
3010
10664
1266
684
18120
5767
12080
13677
10007
1751
7070
6421
10104
5345
541
4709
18808
17058
734
13939
14862
7883
3982
512
15892
8633
720
20155
6253
19652
8944
8894
2539
463
10346
11694
8389
8899
3029
9844
14459
13658
8204
2547
19282
10580
8775
5567
18902
13841
19228
7529
10898
18448
5421
4691
16636
281
5766
12127
6488
15748
14612
12145
5355
12342
8462
8231
185
6071
1687
3901
20583
19693
5
20510
18603
12443
512
6281
5351
1
19430
6422
11119
141
12090
15248
7272
1676
1318
2703
11107
977
5344
10363
5866
2652
15227
17339
3015
1477
5
20643
13697
19508
4
8438
16893
4494
7392
7866
3978
6951
20519
11422
11703
13193
13234
12335
8999
11878
16146
18031
5722
13258
1852
15580
66
13669
12839
11049
9542
15746
8277
15866
12811
1258
3981
11905
8944
4827
2691
11693
1933
14793
6230
10456
20111
16192
10521
18073
8440
16442
20363
17050
8277
15753
9876
18089
16509
8288
2223
5141
18835
8568
13678
4705
9701
6775
8238
2501
10674
12927
8486
9462
3985
20223
3007
14198
5866
9994
12782
10361
3939
10352
10347
16911
4838
11798
17629
6952
11626
16474
845
9827
6145
17710
12340
4198
7228
4016
10310
5267
16896
16128
11468
17277
6287
2262
7072
4671
12906
6000
11520
20648
17399
5424
11730
6080
9541
10666
5666
8867
12020
11859
10853
1911
4438
4114
2315
20113
18857
5780
6088
5809
8892
20611
12406
15899
12909
11974
14766
8486
17399
9555
11625
3200
18758
3973
11057
12332
16705
18094
17569
7524
15241
2539
4493
2635
17689
2262
14751
11389
13627
3526
3626
1736
6499
14955
10347
9022
3986
12993
10421
1222
14479
8585
7973
17591
635
19688
6524
1765
258
9192
2343
11692
20517
8569
6424
14964
1545
7227
2585
8343
840
5078
17589
6498
15843
8568
11819
11303
7227
3228
6283
8305
10677
7435
6565
5353
9943
13948
7010
2511
8461
15803
18620
14660
17062
16715
4099
18835
15902
20842
839
12383
18323
4985
12927
9465
7000
17337
6235
965
9252
3979
20850
14793
8227
2037
1896
4090
5080
1006
4235
17316
13927
12114
7866
4720
3900
8388
7232
712
2144
9580
7039
10318
13152
10355
13936
12709
8280
1820
15386
8291
17924
18156
15250
18092
13548
13676
13685
7861
11828
17057
8941
8276
4463
12439
12051
17341
11466
6107
5870
11519
12052
511
2345
1688
17272
10660
15847
12963
6081
9165
10519
20524
18076
7418
18968
9564
7979
17904
2231
9096
14945
16910
21041
5793
1524
19281
12370
6696
14652
8792
19549
695
18830
8283
3908
12809
17992
193
17948
17390
6993
9754
11044
5080
6495
11696
10010
840
3309
3981
13101
2584
6419
6081
2649
3311
8187
12045
18037
1800
8206
14747
15616
18474
18455
7823
17230
4033
7226
271
7823
13935
8286
10456
17738
5420
8199
10078
14948
5282
8211
18258
10599
2541
8439
13102
7874
7219
13133
5140
10354
18415
12074
19311
195
8886
7523
10184
4337
11120
12666
5349
12438
3845
11668
9877
18076
4327
2386
15748
2742
164
17590
20520
3731
6350
8770
10351
10683
16956
13666
2045
10329
2536
18527
10518
5415
15741
11692
687
7516
6774
11670
12986
6953
16698
13381
15385
2313
13530
7241
2827
19356
5867
15558
7117
18938
11421
17591
20521
20647
17583
4097
8763
19301
300
9878
15335
6506
13412
5297
15802
3982
20208
10082
11462
10355
20767
17593
8760
13477
16948
694
7874
3529
1763
15303
13893
9959
13948
18715
17721
692
8374
16522
18895
7690
10344
8891
20050
7039
10545
14754
2835
9115
8878
20896
5539
140
17715
8286
9115
12376
190
9847
2268
8338
16845
10636
3557
377
17057
5711
2
17341
2997
17597
8939
16776
509
140
17058
19691
18885
10325
7811
20977
6946
10683
20112
12288
3275
18898
12340
2272
4704
268
18418
20199
586
5600
15893
3776
7942
8228
4706
17403
13045
17340
10068
8109
15446
18016
13530
10355
6539
8791
7870
5298
17579
8942
4236
3973
10360
4829
4624
7233
17582
15056
5865
3908
6940
14414
15072
9365
8938
16851
15969
516
9943
6138
1620
12071
8877
4927
12123
11037
9649
9509
10456
19541
15886
12515
17062
19702
20214
2272
2631
13627
19572
5733
19511
19299
10354
7685
19757
8586
729
10046
13314
1509
10684
18415
7875
2786
2821
9136
16807
9871
18341
143
11704
10486
19619
8211
6424
4539
11911
2314
4218
9945
10853
5251
6418
2586
16956
13133
14801
9962
16911
17595
4181
16492
14947
7224
18269
14388
18420
3731
2693
16309
5687
10372
17605
3730
12947
16394
13661
9467
2857
13627
3897
10455
6422
8689
2543
17393
12974
269
18731
11152
563
8939
16146
10020
217
17110
17980
10020
9575
704
20261
18899
16953
11422
12520
8794
16116
10351
13934
11592
19700
11913
18827
32
7418
20142
20084
20377
17999
18878
5826
12324
18446
4
18857
177
18419
12252
11737
2195
20329
3940
11907
10031
187
14752
2265
11096
5373
8586
17393
11460
12076
8957
2735
15587
11237
19704
4339
3899
8955
18426
9536
9
5802
9236
1698
4716
10110
11460
13314
1352
138
10768
17707
20842
6423
4304
14466
13595
839
19564
5352
8762
8281
7767
20207
15572
7858
5349
14428
8436
8760
16915
15757
13657
6607
19695
10520
17737
9159
12342
8051
11416
838
12055
20116
18905
4194
16479
15898
6924
17595
18073
6093
17229
4990
4335
698
19694
18671
9438
19661
13688
6418
15568
6544
5346
18218
301
15253
8794
17110
5532
11483
9672
14814
19615
6664
20774
19616
14755
11096
6539
16524
196
8660
13675
10320
12332
4326
5870
7233
16650
3877
2544
17714
5550
11911
18117
8031
5415
13936
19854
20519
20579
10787
16947
10361
7523
515
17048
3245
2275
11435
2583
6108
4981
4199
15253
15892
20771
3537
6181
5418
17202
10051
898
15893
8703
4712
8765
15334
2273
14784
2346
2545
9493
16475
15740
11450
4716
2693
12980
16967
6082
12681
3283
17046
7016
12415
10618
9942
10272
15189
8789
5351
15845
13317
4681
13664
12398
7208
10349
13019
15744
2268
14000
15744
7233
9057
8570
4606
16850
10255
18225
516
10820
12381
12308
12100
5080
15890
9873
2688
18094
9781
18959
12352
15552
15886
7291
3
687
11649
10002
15530
10032
21047
17264
11873
20508
17063
17058
9863
27
8539
11419
2314
687
12065
2583
3244
305
8954
9878
4219
10520
18485
5871
18219
16917
11244
12052
5028
6423
12128
15546
6331
9557
17587
1726
16142
14753
842
20915
6144
19522
9009
20852
11457
13688
5422
19699
14889
18696
7973
6493
683
946
3904
6596
1268
4335
8895
4713
7198
7220
197
1297
7769
17405
16133
300
3738
17703
17449
11495
11906
272
18466
3238
7239
7520
20579
18151
6930
4701
3630
16910
11912
20575
10209
14587
5346
14651
4340
15048
11057
2514
4769
4614
995
11337
13829
12866
6142
16597
503
19564
2985
5813
8649
1621
10222
20259
9310
11417
9869
20977
7982
12937
6633
12752
12933
5423
16774
10519
9209
4935
12785
5424
819
18751
6460
6953
4621
8204
13681
12362
18562
8440
12439
17264
12122
2687
7806
8942
12797
8867
18225
530
9958
15755
11647
7098
15848
6377
271
20264
11700
4094
7519
809
19734
4773
11078
192
4195
12047
20012
16257
4603
684
12746
18094
6317
8281
16142
6505
8539
6139
10183
8886
9238
16919
16724
7154
15289
11474
19730
5508
10681
9909
10031
8277
6539
6108
13703
18489
3427
7160
3910
4692
14927
8772
4997
11350
18864
18360
7294
15836
6498
8225
4302
12938
18710
11403
5850
20230
13095
715
5515
17702
13667
1767
3229
9948
15140
9460
12075
1679
6494
17590
20259
4981
7155
8945
11984
11121
19039
10419
17336
19698
12078
12638
1853
19614
6388
8888
16527
5347
3253
14144
18429
504
1743
4661
8438
14745
7716
10680
6150
6256
6292
19661
2413
10356
3972
11817
20647
2634
11904
20032
4113
9103
15106
17183
17047
3630
19596
16905
3506
580
19687
15980
3169
302
504
4699
8450
17406
15579
1003
20063
19564
5655
16633
13664
10455
3189
6900
5298
714
19173
9880
11126
18967
17242
304
6542
9115
1670
2536
20644
2743
4714
7056
12390
11708
705
16917
5809
13672
13485
11454
16081
20842
16371
18138
11625
255
12785
8585
1835
13687
8277
314
13105
7524
8426
8900
5573
8568
11213
12044
8340
832
8775
4336
17276
4346
6798
20549
186
4491
8281
10992
7243
10032
12157
14169
4963
11010
8584
8297
10007
2342
1819
6367
6312
19655
15903
10004
12927
6420
19600
3950
9190
19570
11785
6536
18958
20976
9551
8463
11943
8761
3072
15845
2692
8903
12934
14948
11412
12782
7518
18317
290
14755
4078
8485
16572
19694
9403
1349
9571
15968
8782
18358
11056
4488
13317
10311
3771
2744
19331
12811
5050
12841
17411
5294
1412
19598
11542
16328
3526
3941
13934
1354
10330
4397
13276
10680
9744
2
14947
8658
15370
19129
9555
15097
16956
6317
20861
8531
7702
11904
10351
8579
7523
11421
18128
10522
17435
15192
17370
8794
8537
18120
4493
8555
21028
3197
12327
2916
12782
13111
14898
6437
6638
2649
17567
6138
268
11055
6545
6440
4712
12588
5298
19281
1226
8895
17206
2271
4435
1794
18122
3730
9945
11705
10324
1829
5872
13093
12075
6951
11949
9864
17737
4992
2585
9942
192
4986
12821
9962
6940
8683
16821
5344
17465
1907
5415
11698
10359
975
19451
2977
12657
449
20109
3240
16123
16478
818
9403
5458
9403
6951
3194
13685
3932
7489
9164
18901
1265
14015
20944
16649
12934
18751
6940
3836
9869
7521
11041
14751
4370
4231
2434
5150
2273
13262
7389
8286
1597
11279
10009
17194
10353
3730
17397
8726
10082
10472
2691
5098
15476
3974
9114
13534
10345
18416
8570
16159
20057
15749
4165
3250
14710
974
16323
20109
9565
4856
6098
10682
19798
16584
8608
10664
3894
20906
3512
6144
17213
17831
2400
1264
16850
13937
6945
5510
5962
2410
9858
8470
16966
7545
19695
4373
15891
12927
11989
3005
10704
8657
10356
11053
6939
4988
4098
13639
8792
5131
6800
10325
6140
11087
8816
17166
16883
15496
11455
11201
20770
248
9541
13943
17392
15010
16090
20085
19727
9944
11144
7812
4469
265
717
9124
8507
5300
15899
15835
15755
12938
16680
7859
17779
11751
2278
1688
17288
15077
13585
12077
7797
20852
3253
13948
11703
12902
8286
8353
17594
3004
18116
4511
2157
4491
6097
6419
20003
15483
2130
13645
18094
1808
4714
7162
17058
3901
997
10110
1806
20135
14782
198
5351
10265
18981
2273
6508
4494
13317
13662
20263
10096
12047
5878
8272
11911
4168
19618
5190
303
6883
7875
15255
16002
12785
15284
18308
9834
2085
19563
2275
6589
10079
8612
19021
428
13860
16953
14279
17400
11481
13233
2736
4436
17595
4183
6089
9421
15748
18067
4705
20108
7981
11041
7514
15156
3896
8760
16721
16146
1200
12819
190
4166
18890
12995
19588
16355
18857
20259
13264
20087
7974
17715
11371
8211
14863
20401
5945
17344
9095
12258
7963
4494
4090
9403
13318
13673
14862
20201
9875
16844
11454
4997
17397
2988
6023
6580
10007
20343
6109
3242
4714
17802
580
6295
7518
15001
14749
4333
9869
20842
4529
5348
16915
20113
20259
10424
19756
2688
9875
2385
11439
12110
9402
4830
9460
4709
5775
13662
5873
20852
35
7822
1801
8127
1541
188
1629
18447
13948
8674
3986
2275
5386
13094
18933
6253
15128
6540
8463
3243
19608
386
7774
13751
10521
15704
12242
8927
8461
19663
2270
283
12051
11711
19658
9555
15601
15545
15740
18149
8309
8952
4989
6796
18317
10782
13664
15538
11125
9942
8459
10698
2084
2688
9659
11692
8395
10541
2270
3670
7542
2687
17627
3255
13318
12840
14749
9867
17062
1808
15840
5873
11751
16932
12785
14832
12273
9096
6629
16950
178
8948
4188
17052
12351
4092
12176
13889
8640
5426
9219
13823
837
11914
6493
7426
8291
11053
7527
16951
19700
7855
5092
1
270
5982
11986
14918
3974
9565
11653
17596
19263
5833
20633
8440
12089
10256
13667
510
13740
8890
12994
12781
538
4198
7517
19660
13939
10351
8878
699
11135
14923
9954
2583
18830
14752
13444
8247
2346
13482
8436
8880
3010
7170
12667
2737
15823
20116
3208
7237
3244
710
8759
2867
11042
19687
17724
11079
12352
5358
16939
7963
7689
4991
5417
2325
11670
6389
9135
7971
9433
20773
2000
2252
4715
12932
19616
20260
11418
19567
19659
10324
16171
11235
16144
19756
8279
12521
18739
7791
3896
14726
18151
9881
9859
6253
13510
11457
19558
17587
4815
7871
20977
6147
7352
1868
20478
3010
12783
4825
9865
8438
4997
16946
17406
10996
3830
4195
20027
11893
585
18932
11426
7042
8946
19157
5805
844
18269
2700
8939
19055
1707
6949
3902
4978
7859
8947
20116
2543
731
1146
147
18499
15046
15845
15620
13314
7158
6944
18224
16903
10021
2689
2369
9946
3356
3978
691
10008
7163
12126
15337
12120
10108
2584
19665
7876
14570
7368
9063
15549
13507
9227
3898
20772
15278
13316
18897
7753
2085
255
20772
1250
3908
8530
13281
5300
13245
10035
16846
4442
901
18612
21044
4199
8893
11062
10321
8480
10678
4652
13815
19025
208
10955
11144
11669
2
1852
7528
7160
14969
13948
715
19615
4982
12065
7461
1266
20770
20995
9866
10849
10010
2653
5280
4312
15801
4491
10020
14946
17398
20204
5302
17054
19739
16003
510
15251
18142
12810
17723
13695
2732
10608
17054
5172
18902
10030
3233
11909
10674
9933
7344
15200
20576
9119
19943
12919
4336
17323
18766
18282
3945
18925
5576
16905
4239
9135
18083
8375
4336
6087
10536
18898
1003
10306
12044
16784
15801
5701
17395
5349
5344
16960
14759
13684
6012
553
17113
7512
11552
19703
2270
4825
8261
3311
4492
17578
11093
19723
19239
6313
375
10310
4095
2382
12861
8952
18812
18758
14751
6137
16966
735
17305
2556
20909
20016
4607
19756
20288
1278
7978
1582
196
9135
10009
7528
14198
6999
4658
14863
2291
1678
5613
6951
301
5353
14300
4196
10816
3596
5108
15350
20143
5864
20472
17342
8461
2532
15845
17871
8642
12146
184
4065
1411
13678
9944
15729
14756
742
13287
20122
15803
4489
19722
5
9962
12050
20581
8203
5676
885
13547
18121
15841
11053
5424
18629
13968
9421
12428
9431
5369
12050
5359
18527
14721
15263
13214
17053
13890
4992
7525
19715
16956
11716
13691
984
5427
585
8374
12639
3940
9868
16750
4706
9706
15887
10775
17488
4710
10160
12438
13149
12341
19388
15885
9525
5272
5415
5802
11916
20843
8579
20296
8199
6363
11730
9174
15241
9945
18490
15841
17409
20521
12438
18723
1776
5805
17559
17301
7545
8765
4370
7873
14844
10315
10778
2159
8896
7209
6095
7515
17728
9068
11692
17219
12064
5009
5605
4335
9564
8572
418
8764
317
18199
8678
15517
16377
1813
12143
10097
2767
20125
15443
7867
10621
20228
7224
17712
16488
10488
8574
17057
14304
16477
509
929
701
17446
4090
19688
13414
197
9564
19742
9566
689
6096
11505
14072
772
20966
20181
3378
17598
14339
12941
7404
3009
7529
10081
19037
18561
9557
7516
2649
15758
8263
11458
11229
20647
615
10321
11906
10074
3976
12995
20264
1234
5693
18424
9389
13648
10321
3249
7158
7858
11892
11671
1669
6086
8290
5692
7854
6941
18036
4426
877
9875
8653
11958
16967
11878
10329
2264
20992
8375
14293
21018
15241
4027
19206
17110
17274
6534
10665
2733
6182
4718
18064
20394
1809
8387
18238
15671
4399
19617
5424
10075
13937
18313
11316
705
186
434
53
4765
9422
14750
12937
13689
9463
9962
18963
13825
18082
696
12918
6082
12359
11450
12933
13262
8587
16954
2264
16760
7293
20200
13627
736
8503
18223
14931
107
15259
11693
14817
6500
8287
19075
3973
15384
6097
2734
5420
4722
8464
18117
8374
2265
2429
10030
8239
12132
11121
10875
17571
17721
17582
10324
14749
17579
8896
11173
12337
13680
10007
7687
15885
14857
11694
15801
5121
15890
9555
6181
14888
18089
4522
3254
3198
8349
103
5502
15090
16476
2760
12127
7525
19569
8377
15900
17956
12808
15687
8900
8364
8553
16646
8582
19433
256
8680
14176
9535
2588
7866
16593
9549
10678
17724
13701
10681
2267
5423
6107
19617
1881
1519
17270
20977
8769
11740
12985
12784
16965
7294
6502
12119
1671
11251
18321
11589
12863
4096
3240
3009
872
700
5689
12055
17916
8432
2651
348
12518
16147
14154
18067
19962
10311
6873
9865
7871
514
17833
15097
18948
20205
1938
11131
2732
20492
1336
10312
10455
11126
17050
18717
5767
1552
17108
15124
5553
10876
8224
12965
5342
20976
18676
9179
8656
12067
16920
105
7515
16005
14947
11219
9556
20646
20509
3925
10020
3997
12783
508
2519
3671
10664
15546
8276
20827
2762
9613
1579
17826
4820
15355
3249
13475
9085
14064
11420
7963
6541
1669
684
4304
5422
9095
11127
16004
695
2094
18812
15976
830
17190
103
19660
9963
10349
15354
20509
2422
4978
3604
4708
17748
14028
8464
9511
11694
8947
9159
10245
12077
6443
12834
4828
15805
1191
9
6496
11905
7868
4609
15371
16469
12810
8542
18281
19637
18830
8531
11119
9464
4338
6088
12986
12067
4980
13942
20124
15130
15833
239
8571
11435
15745
16525
7968
20508
11464
18528
18199
15066
3246
16903
8868
9439
3398
19570
843
20851
7858
4665
15545
7868
8653
9136
9543
13941
12132
5298
4978
19567
18380
9332
17697
7372
15847
12349
15242
3005
20724
16264
9438
17335
6503
10674
8782
6142
19242
6182
3905
12335
10520
18751
12383
4987
5301
17579
19749
4989
3983
11752
10352
8585
19698
18892
19689
11388
19567
20843
15692
15511
609
8575
16370
8281
13626
9525
10862
14303
21029
8371
16478
9417
17404
11630
10357
15754
8377
18047
10809
9500
18527
6574
10384
6254
11458
10818
3982
19620
13934
7234
7854
14038
6084
6422
8228
509
7228
20112
7160
10033
1650
10006
6425
9460
16891
18160
6507
19020
8571
5426
14831
18751
5876
4705
16401
694
8206
9544
7887
16671
18469
4635
1515
7146
19691
4701
16844
19506
6502
15835
17765
16883
6506
12010
12910
6099
7772
3241
9319
12330
12382
11452
6945
9866
3405
7378
1741
15334
15834
304
7159
4487
17879
18383
2693
20109
9564
8569
13618
13171
15813
12123
20209
11567
6540
5416
15830
8579
14702
7882
10870
1799
7297
15699
14472
11468
3241
1855
12927
18139
9361
6947
713
3813
9114
19292
838
13096
9863
8460
3017
12930
8460
18386
7524
5688
14004
6423
4988
15157
17249
6699
12085
13302
10956
10363
696
2426
4713
17431
4194
12361
3026
20853
9668
8288
2346
5341
18902
17598
989
2313
16641
2352
4997
7159
11095
13318
4831
1269
12936
2084
785
9943
4819
6536
5370
14371
6086
11126
9321
15337
14954
4001
18649
13626
20826
3908
8899
9666
16764
18526
2405
21013
2062
15546
11051
16146
13316
326
14490
19342
12492
8438
15745
13252
20296
8276
18218
10458
6722
5425
6951
13940
268
36
6828
6286
20779
19660
6240
5947
16939
12065
4158
17725
9464
3876
12146
13992
700
4079
9867
17045
11449
17451
18316
195
11660
11910
4805
12126
9463
18528
15840
7898
6947
18121
7866
5569
14406
18631
15261
5422
6108
1139
11082
13355
12048
14888
4825
5349
9956
15433
21028
8337
2188
8695
14808
4094
20716
15476
6718
106
9951
18318
18288
19229
8681
10312
20261
9709
12645
18830
1477
20205
12349
17730
8891
4896
4713
7676
14222
9779
15886
8555
815
15255
4828
7979
1490
12936
18612
14234
2543
20518
3019
8559
12941
5298
12940
8691
19560
8337
14759
5046
9470
18119
19686
19617
5878
15537
8710
3004
20260
139
7343
2213
15547
3707
9420
11573
3146
853
14261
20724
4489
12332
3190
7677
3031
435
795
15756
2652
7516
14098
10363
17354
8486
17586
11912
10664
4644
20413
18419
9204
8792
12437
7735
14085
13471
16664
2538
8943
19692
2272
20850
18292
3015
3247
20842
3455
1180
15014
9051
20361
10726
11426
8860
4308
7570
17054
301
20262
1325
4489
727
10265
2567
18128
17057
20577
3487
595
7022
1314
1783
3721
18061
3769
1869
4808
11697
19978
15368
12292
15896
20509
3738
20112
14044
12011
2733
199
11136
4335
7155
77
9791
4709
18593
717
11057
6832
20500
15586
12935
2577
15980
4035
12044
18073
18005
9261
12059
19851
14792
8898
9880
102
19305
15415
2692
5829
9420
6093
13942
4191
20517
18951
610
6131
12342
19067
694
6492
3175
9944
18305
11041
4900
9755
9179
3343
11670
15452
6424
10082
20517
14620
10421
15904
11456
6403
13069
7229
19318
11864
11290
2273
10982
7614
11120
6941
15745
14645
454
8208
13680
21048
121
10347
1071
3000
3732
14875
16710
6820
19033
16477
8577
3748
1620
20185
5413
18435
10351
3731
15638
15178
4093
12122
11916
18896
11435
8437
5937
9669
1741
12933
6217
12927
4980
11970
10801
3256
20722
17276
14734
6143
12076
1414
4821
12061
2739
720
8680
13720
12169
3782
18135
20863
5860
4198
12559
9697
266
19661
8944
13682
7683
13941
9879
12981
4507
11151
12382
8287
11057
11413
15840
19564
20068
13699
17279
18484
12787
16754
4328
12119
13666
7382
11465
12859
9158
7244
12813
7419
12438
10677
14889
3975
16983
13939
10322
4822
14917
17152
6900
5230
12025
9318
18069
303
19089
6947
14397
18509
19558
733
18827
1836
12980
10272
5755
16966
11551
811
20961
18387
9965
11699
9096
105
7686
10868
13088
7870
1983
6150
2686
13299
3972
3253
19567
1983
7155
4182
20789
9944
19341
4657
8333
5807
18268
13686
845
27
1483
2315
8462
102
2102
302
4987
16119
16845
8704
5297
19223
10862
5667
6740
8460
13317
18967
8336
732
823
8897
8226
20361
2617
5537
3731
10348
2738
4830
10349
13753
3179
17344
8941
16899
9871
4488
12333
16736
4977
15658
3902
16477
8891
8289
8943
6081
1819
17269
6222
4985
15939
4707
9357
3907
12781
5302
561
8938
4
15370
3669
2262
20264
2567
17792
714
8794
4093
100
6209
14826
18469
5307
18120
4671
17739
14268
4993
13685
13905
6138
6375
4591
7379
10004
15367
14434
2321
6979
4817
6029
13672
8376
6225
507
257
4186
1640
9557
694
15841
9879
2706
17395
5874
6182
16781
18671
20264
16465
9159
10020
13337
18497
11457
8950
5805
15900
9972
12121
1142
5083
10490
10314
705
304
256
4707
14960
11081
10648
10079
17788
4702
18041
18897
13119
11079
11462
7233
12424
2741
6028
3894
3018
1458
10682
258
17589
17714
7193
12666
8945
5346
4340
9114
10077
9073
11054
18156
12050
7577
11987
17060
14806
102
16953
4112
14198
1356
15740
709
19898
7973
17219
1681
19565
4713
7687
8585
3744
13686
11045
8279
19613
7823
5810
3899
18427
6142
4188
9465
13581
11930
6886
5709
14707
7793
11388
12862
8336
20124
9957
11180
19755
12442
4790
3987
10312
12979
17822
19832
17844
2689
195
8438
4953
7514
11131
12590
18830
588
7160
1831
8241
10536
10696
15548
8764
6149
13688
3984
20068
15580
11424
4993
6093
9584
17675
8763
5296
6096
458
17401
19522
8337
14341
12120
19155
12924
17343
1912
11267
7943
653
1489
5802
256
3523
15822
10311
13936
15740
12782
943
7682
7901
9666
5790
5078
12823
8679
8158
3241
19144
8642
16796
8867
14936
4197
2876
18139
11138
697
16909
4619
19036
4689
5988
7199
16273
403
10795
9095
3616
15676
12353
2072
3904
7685
4827
12242
2109
13689
4278
5665
8343
12834
8639
17219
980
82
12149
18322
16851
10358
693
19704
12627
12080
704
16888
4701
8429
309
7867
711
18124
17622
8290
12078
8880
18239
273
2498
15745
20838
11048
16739
7648
1012
12580
8727
9197
18124
17719
12840
16208
18219
543
12782
8006
18945
20982
18319
18759
12906
402
8653
19543
12134
11044
3978
15769
18141
19978
18282
19501
581
16784
712
6942
16844
17796
15332
13900
20764
18903
12044
10654
3
7692
8947
6942
13692
9142
13656
5098
11909
11448
10393
15893
18230
16646
8509
13093
10003
12592
5904
20111
7730
9115
14395
11344
17604
4493
6542
12126
11390
17336
17406
8508
2538
10007
3906
17110
8794
1674
3445
1584
13757
1801
14400
18218
19693
11694
12932
837
17637
18150
14952
7586
11147
610
1059
9965
18902
9510
5351
8943
12056
2111
19034
3903
11692
12143
14935
10520
12178
11403
5637
12862
105
8886
271
11055
5371
2052
14972
299
6877
13657
12123
2651
2205
304
19021
8690
7220
6528
8339
6090
10685
10271
4163
10351
19858
104
158
5870
19238
2546
582
16915
16897
1489
9338
337
11095
18417
18282
9605
4489
13986
11414
196
3665
17794
8026
12437
3256
16293
2811
8653
20819
10317
4015
18225
17428
10519
18317
12075
3007
19635
3909
3550
4334
683
7681
12905
4342
20444
18509
15917
15755
16631
2496
4116
6457
20110
5098
1670
19695
19673
1939
12627
17132
20942
9500
8287
7968
8763
17591
3080
13935
4303
838
15199
5610
11705
1674
8969
8570
12834
1669
19098
20354
6181
4710
18152
16948
6989
19614
9964
4828
10079
15858
9511
12047
13937
9158
12124
7589
6245
4196
511
11428
2734
10059
20571
2385
14048
14888
7003
8642
7803
11039
18089
5923
16418
7154
1257
3909
180
12986
14746
2357
8626
6947
18974
8679
993
19659
15905
12949
8939
6901
7156
3730
13670
8642
15847
14199
6061
3906
8313
14747
2074
8763
17588
20116
12985
7970
590
1669
181
9879
2884
3014
17711
12328
255
19756
12771
12979
5801
17733
11742
13438
8028
11129
15900
16914
13935
17583
9670
4984
2651
2266
11069
9960
7517
697
10076
668
10079
3753
3987
9115
6293
5343
11423
21
6145
11143
585
3796
21028
17690
5462
839
13955
16888
806
13675
8436
7870
12348
6939
1786
9167
3733
17052
18535
9870
10852
12497
9556
5289
12937
9877
6109
10134
20245
12052
17597
8582
7135
12732
7585
8578
20608
6378
10947
13685
20083
2687
9421
8464
12076
14947
12132
18937
12253
17885
6495
11413
17237
11055
4541
13015
11039
10684
10265
16626
3939
20403
6012
16222
2722
12348
9542
10008
17592
715
8771
18767
12067
6499
3040
14946
11123
10243
18418
9545
8957
17393
20068
3900
4638
4297
2542
18503
2728
17065
9333
10580
15771
440
2583
13233
5861
6508
34
8902
18594
19787
1491
15617
16845
690
12809
8206
3283
2883
19492
17390
5141
19617
12025
10005
14754
8891
3015
20097
16214
4192
6
6504
12935
13935
10009
5909
8660
11905
18286
9621
2968
7982
14816
16844
7867
20676
17047
11133
4563
7869
20904
13602
7402
6847
5809
5807
4718
14517
11079
5340
19624
2689
7154
9431
9871
5231
18894
5875
2736
5041
4709
509
12063
17858
15167
16951
15097
6509
6615
15537
7969
581
14594
8225
867
11206
9363
7039
11448
18036
12046
12066
18937
16151
12131
13661
18615
9320
6544
20610
13333
12059
2204
1763
4995
4944
15434
3985
13712
18898
12935
15496
9464
1430
8887
16003
2685
1065
5868
6950
7980
10856
11811
9879
13640
8951
18765
13674
4986
14277
11711
8794
18639
2274
6140
19892
7786
17400
18117
12381
2366
17339
14495
9671
9403
14370
8880
6493
9942
17229
3901
20092
7227
19083
12061
2682
1915
11458
12962
11040
6329
12329
220
9544
6081
17160
1398
16647
20576
6098
11965
8601
13969
9518
2652
1491
8
6537
20092
12654
14752
20314
10596
4334
18427
20996
19235
12933
9463
6096
8487
16643
11699
11414
5416
5039
18937
12143
13899
5347
5644
6329
15604
8282
261
5352
17258
13943
7657
13810
13977
10022
12036
6889
510
10021
20361
10920
15250
19686
9475
19686
4186
13316
7238
13590
10348
2276
12330
9121
8410
14198
9914
148
4995
10576
18937
11621
8679
2856
8885
15847
20222
13326
16866
13578
16951
7963
17732
20457
17618
15441
13966
14326
4115
14750
18894
15608
101
20054
8460
9136
3979
13673
8807
5870
7859
1852
9107
9103
13625
8326
18902
1679
10926
8949
15272
18199
720
17412
4695
13660
15361
6388
9542
6626
17730
13174
19099
4186
8506
9124
7434
436
13234
16930
1136
18965
16873
15904
12587
11081
5905
11142
920
16891
11577
20842
15774
6889
4098
308
15579
19915
8579
12052
7518
12049
20140
18262
19526
708
4985
14946
14359
20511
15241
12333
4822
19073
6427
19061
20077
13516
8575
7734
5425
9463
12438
19354
19688
4686
19136
8829
16996
13291
20202
18139
7905
5326
7740
5340
13264
18899
9556
14767
2049
16888
7458
17343
17211
10312
20581
711
9034
4987
8682
19435
12439
18073
20509
11912
1626
7978
10325
17882
13689
10677
17367
9810
19710
10026
17111
17404
7685
20853
8531
7680
4829
10031
19296
15532
2694
18900
20208
6081
15255
9878
2316
11471
8763
4141
10443
16167
6328
14946
19756
19593
12821
4833
2735
20684
9095
17710
7527
16146
6271
17111
15751
8789
9555
14667
715
2345
7979
6108
6544
2267
8251
4983
7686
7870
19622
19505
584
19909
15845
14086
2487
13316
13299
138
7542
15745
11130
15067
11464
4654
5234
9044
4047
7918
1674
7807
9792
1801
9068
15340
7518
15743
20396
4715
9414
8003
17855
841
17480
18073
16478
3899
9065
4630
9335
18527
6542
3115
699
8581
18631
7814
12813
20854
2
12816
12015
8433
3376
11056
7002
17111
15840
4821
5008
7516
3443
10824
8569
18489
3005
15896
12080
8889
8894
2543
1878
18419
12841
15248
16243
17981
6221
19755
1691
10010
11905
18968
7229
4820
15847
8769
9115
18031
7452
4198
3734
657
13316
4763
8695
10786
8888
1010
307
507
5064
3442
690
707
590
106
12817
17465
18478
17398
16005
9461
6490
7653
11097
8938
15247
18757
703
18446
8574
5089
5312
7422
711
11699
20107
4094
4992
9880
2692
11693
10362
20577
10350
18905
7094
13934
6082
7309
7980
12936
12182
9226
2141
6650
6095
18150
11420
10195
16965
12926
9961
7162
7033
8764
11042
19320
20508
7466
8953
11906
16476
13659
13671
6507
2594
2694
20202
18758
222
6181
9713
5343
12348
9961
14747
13189
6253
11078
6758
16969
12327
6502
10250
11421
12006
4538
20994
10328
7152
274
11126
19188
18950
2585
6082
17587
13657
187
1021
4703
18116
10031
11849
709
2005
10314
2271
8763
9744
15019
20918
20206
10126
584
19033
5964
9399
5728
267
6501
6098
9953
11248
12044
6936
12143
3010
15691
15276
4193
686
16238
8880
8426
18950
12101
8575
17337
8763
15616
13939
12349
12958
12326
10970
8940
18218
13688
19191
2836
1601
20068
20510
181
20259
693
17713
8868
18612
13329
6943
20979
5895
5079
10022
8226
5355
10150
9985
7013
10133
10321
17968
8655
4492
10347
6101
5283
18419
15901
701
7519
15685
13626
709
20564
14747
16574
13763
17584
16876
11759
1675
15244
18446
2210
913
11459
12808
10109
4980
10089
4702
15692
8440
20068
14402
12127
6467
8815
19203
2683
19389
17709
7185
2905
12137
7853
300
11415
12439
19694
6182
8226
4980
16409
11568
9498
1654
16041
6425
19618
10004
15050
16967
20995
3017
6538
2544
6379
11129
14171
15891
17530
7972
9462
12938
271
5706
10022
18149
4190
8576
16967
9421
9965
2652
13630
12827
8940
17912
5803
16891
11080
2524
6092
15541
16468
6109
5808
7
15622
14745
8208
14360
2426
7111
1530
12131
7158
3825
890
585
20122
5090
6452
299
11567
10010
7261
16214
7730
2744
5689
19417
20365
2976
20539
19381
20667
2686
10849
9962
9959
256
2738
139
10619
17393
2272
14717
17428
2750
7225
4872
4711
586
15833
9524
2272
20261
15686
5956
6141
17286
16925
255
9946
3004
5114
1227
8338
9103
13314
17401
8953
4992
13690
11426
4989
3737
17115
3977
3740
6077
3018
18977
3910
16873
20166
8584
17767
186
11641
4711
8586
9878
20520
5140
20920
18309
5877
11661
6156
18654
3986
15573
12661
2738
10738
17220
17401
5909
10560
12192
2545
1320
2423
19057
250
2320
17370
12275
13629
685
7936
3979
4982
510
9563
12101
12854
8789
8828
3005
716
8893
1671
18416
12765
5229
10961
6514
8696
8892
511
11699
3015
19582
1206
6090
7689
15060
12134
272
3975
20002
16950
3940
18120
4506
6149
15423
18222
712
18359
16967
6381
6099
5349
18895
5876
12417
11547
9460
19694
8878
20579
20207
21030
9406
6208
3910
7973
4991
11448
9157
10685
14982
3052
15847
3976
2798
19691
9810
13657
12052
6422
694
2928
11458
15683
17004
11413
2732
146
12742
9964
7060
5693
8
14827
15749
6087
19282
3379
7875
16352
19561
17053
10005
4820
10199
1428
3241
5865
17860
11643
16379
20203
6948
4188
12976
7810
4013
6088
7878
5423
13944
20910
12122
8800
5174
15487
17588
18656
12030
1800
211
13207
11124
7977
15581
6606
399
8886
8336
4831
10227
4011
4708
8463
8720
8046
15757
17433
14757
7511
7992
1951
3199
15580
2786
20956
7680
5418
17773
9848
12078
10122
12135
15338
12937
13662
10227
6670
19260
17945
4704
4341
19568
10320
11056
2691
8789
13456
4195
8824
595
11455
17484
4711
14581
13690
687
11079
9894
15011
17374
19616
15842
15756
12323
9438
11189
13258
14528
9535
16834
16127
16955
11686
44
19393
7810
20092
9873
4155
18087
5665
18897
7868
12129
17929
6145
645
13748
13691
4821
4706
17596
8952
9193
17598
11460
15956
14411
3731
16153
12915
18285
3243
16980
13015
16832
11693
5861
18359
17414
12924
20521
6331
15201
584
11449
12146
16888
18068
7978
8376
10324
692
2686
15339
7920
2917
4115
12124
4269
17559
19162
17347
1164
8686
18527
10033
6109
13316
3008
10001
2750
9550
15691
11131
12470
14750
10343
8772
1673
3978
3941
8939
12929
11407
7692
19698
7240
20264
16109
3941
1591
11268
13450
17468
2584
12333
8406
12841
2732
1236
15539
17044
11669
5355
6749
17094
17006
10216
18877
8204
13506
8225
509
11700
12122
11041
10077
19021
17058
4090
512
1981
9869
5518
589
3986
15900
686
7812
11423
2620
270
7235
11464
8500
9869
11667
16200
2314
5877
5098
6145
840
7156
14746
10850
1923
4640
5864
7684
19661
889
755
17861
17221
100
20999
7472
710
18201
7164
3789
11219
2690
12049
9869
12062
4832
2954
4819
10879
5428
7943
15581
16955
15686
20509
20520
14278
2263
3980
3940
18489
12840
17486
18665
9115
10680
10006
7604
10033
16838
18094
18218
11082
689
11459
6197
13592
5
14539
4897
689
16953
12330
8655
8386
13672
18857
7970
11551
8042
6210
712
18527
19972
3975
18515
9609
15537
7640
18089
18085
787
18199
7518
7311
7489
19672
9877
105
15508
13075
20204
8954
7002
17492
11125
9299
3939
4090
19112
4822
17399
60
20000
2461
18419
18911
18337
8626
2649
12232
14700
20367
5967
8764
7214
6953
3030
13626
7514
7235
18894
4342
1526
16087
8435
7866
18448
3031
3920
12327
13660
736
15248
8460
5940
9948
4182
11106
512
4823
18937
7524
17583
4645
16896
13681
14683
7513
3256
12781
11706
9923
2304
6218
12169
12632
16538
8279
210
7240
4294
4983
7866
18946
691
9659
3029
18759
4716
10677
5757
17058
2547
15954
15579
19672
2439
8586
13405
13626
8759
11731
14752
7512
19417
4375
5861
7364
11910
11138
16479
5359
5934
20914
14767
2250
9948
3905
14948
16898
7866
6946
10473
11773
5704
18311
9692
12067
600
2692
4996
12064
5342
13902
3477
18284
18751
14759
11418
10078
18812
8569
6091
14466
3939
8581
7290
1480
6796
11427
14952
9947
10185
15567
12062
697
507
2738
12130
1939
10310
12583
1808
10850
6796
6139
7862
17748
6537
16167
6836
13192
11670
13947
8946
11087
14863
3012
5301
15538
17723
585
830
9556
4473
17629
13387
19644
18156
5279
8510
2892
10622
7691
3013
9870
12981
2266
17337
711
20260
13628
3408
20730
20115
15832
10583
2739
754
8896
9708
5873
3901
13682
19643
12587
4197
4341
9024
10048
22
17395
18447
9417
12118
11424
7519
3907
11090
13251
18747
18950
8173
15834
18223
4997
8944
255
7854
3730
5416
5437
4818
13681
10355
20628
4094
20879
7529
12926
20068
2545
12002
6145
20122
9118
18218
1635
15253
17521
17589
442
15209
8428
9866
10363
15844
6092
5200
2415
1672
11422
4991
6103
4273
17595
12840
9127
6138
2364
6950
11079
638
10351
364
18120
15897
12383
7234
7159
18898
5352
3636
106
12052
12834
1820
13681
8066
9460
16158
16236
4709
11838
8672
1305
20418
10317
8759
16887
18416
1850
8510
10074
2342
13219
5350
12841
7346
553
17035
12332
4199
712
18433
20654
9957
8281
11130
15148
2686
12063
587
5986
7297
20409
7855
13591
13660
13683
7335
12782
2741
4113
6998
13243
13954
15886
8173
17587
53
18426
5187
12049
5980
20519
2264
6425
8660
5687
9556
20315
1900
16681
183
9564
2586
3048
3026
9911
18751
6147
1491
2740
11916
3965
12926
13656
16274
8105
19688
14481
18437
3730
15801
4606
15851
18416
12351
14752
4757
11416
779
6532
717
187
12686
12127
7659
10278
6937
6914
10162
8942
7239
14566
16888
3265
11097
1677
1677
11085
16910
12383
8424
258
8638
12066
1676
5350
10846
6954
7069
11426
17055
19283
11420
17580
6890
9403
12930
8286
3982
18066
3932
8735
2345
4990
12443
10470
18405
11993
18612
20520
1105
6333
4889
6496
1137
7232
6953
885
12443
8276
837
10944
1857
17219
19021
12146
17220
8640
12441
9874
11057
4113
16479
19699
2688
10483
1808
6497
15905
13921
13629
19996
3243
20765
8899
1780
3528
3730
20728
15893
8637
17394
13406
17741
185
19140
20068
18153
15199
9422
4994
2449
13677
10063
1681
12065
8949
5875
9124
16953
514
10322
9943
17337
11413
5800
12025
17058
11350
18069
5800
17301
11511
11120
2592
13660
12934
11706
8682
12439
12856
4182
11136
20576
2270
20109
6831
18418
2540
15254
506
9863
12147
15190
14751
19362
3253
16145
4337
17447
15841
6543
11861
5807
13691
13624
16680
3227
12443
10257
2737
7975
5966
4490
8579
694
15886
8654
9218
8510
20274
15203
9095
7258
12392
15549
9463
17020
8585
15460
16844
11587
10532
10597
3927
7039
5299
258
10850
541
14756
12335
18121
10866
6097
15731
12124
3737
13940
19007
6949
14679
11390
5689
20108
19693
3738
5043
18466
19863
13937
8642
16951
2109
8374
18489
9289
8570
714
13044
20122
13254
7872
584
13318
19284
20454
4193
17779
8641
16478
7802
13633
3010
8895
3201
6793
9868
20264
1630
5342
3619
1892
5625
12054
18695
3247
12126
14948
15802
16967
11757
62
16357
12439
11711
13849
17411
3249
9157
14888
19508
12330
841
10302
15751
5446
21020
13683
7515
16948
510
4412
13657
6651
6887
10665
17113
12423
7526
17938
10348
11136
15544
6494
20115
272
10095
5594
14255
4342
4594
20852
509
8585
15804
13964
1673
8862
8338
12054
17364
15379
15548
3972
11130
18116
8283
6490
793
20517
3977
8790
10326
20206
17344
12851
20123
7526
1283
268
209
689
2539
17589
7528
299
14210
6495
18901
8367
12334
20577
7676
4090
3634
6492
19462
18464
8877
7497
2541
16477
11425
19703
9533
5874
18418
4250
12328
16849
18822
17305
939
11710
10081
18360
13783
16558
9312
1738
18506
9550
9565
12441
12721
19021
7230
2732
15380
1619
3470
2661
12352
4719
9439
4490
15579
9555
18036
3136
20908
2194
7529
11283
13508
5574
17396
1179
13665
7227
19936
5345
9095
8945
14286
19661
7761
15550
508
5341
9494
17980
11544
13554
11671
14749
9870
19223
6790
13504
9525
512
15451
4848
3105
10316
10524
15545
8853
10611
7969
15685
16077
15980
11456
9124
512
14864
7296
11909
19148
17401
1338
19755
17579
8288
131
20437
5077
19739
272
12055
7201
19563
11467
194
6526
1130
18488
11304
3182
16071
12608
192
15903
13132
8661
15691
15579
16180
9529
5873
14163
8264
16052
11837
4179
17004
15335
6255
689
9065
10520
17858
8953
18064
7293
5667
7234
1911
4098
9656
8502
8641
5753
13660
5688
11128
4126
5267
2762
19693
4827
8868
8442
15843
14125
17583
20576
7314
224
2544
11706
8337
14763
5866
2475
9948
15009
13761
4820
4881
20068
9127
10004
10334
12693
19614
16102
8895
10959
14945
9443
11654
4487
2348
7226
17720
4978
10677
15248
20429
1540
17579
12025
7943
15684
17400
12926
10387
9431
11293
1941
13674
8437
6090
10077
4712
15072
4113
11424
12567
4491
16256
17447
6883
17555
3900
9463
3013
11420
9873
10317
17714
513
11915
3976
5423
2908
4199
9148
4408
18286
15792
19659
12810
16967
13628
20073
16069
816
19661
8412
5746
11420
11463
13155
4832
9232
8506
19176
9676
3377
9944
13665
4709
183
4979
16662
19619
8462
12515
6772
17715
5300
7981
7609
2109
15844
20644
267
12438
3423
17001
8226
13316
20823
10354
20170
16849
14745
19566
17111
12808
5
301
14242
7169
10326
6139
10734
19050
18362
19799
8205
17592
2262
587
9493
15032
5350
7236
4982
5415
6377
9110
9403
16144
8505
16176
5800
8205
16747
14766
702
10090
1618
20108
19702
270
9065
4195
8451
11457
16910
11660
4705
195
13727
15179
13589
730
3736
9544
6089
7855
2733
21029
19658
11172
586
4815
15749
17748
19674
726
17725
843
9948
10404
20582
18937
16145
19704
17396
18586
8891
8280
1555
19562
10076
5472
188
3013
11134
19700
17395
11697
3233
13684
10345
12126
839
10009
20107
20519
6493
11905
13685
9864
5055
13311
13832
10838
11415
187
2265
8660
9671
11909
193
3983
11708
15595
14300
4820
10022
8656
1488
182
12985
11460
691
4434
20573
4821
700
15253
13660
5414
17506
5864
9142
13661
4490
19699
5071
4842
699
12437
10361
12129
3029
15601
2539
11078
1368
10360
8344
6257
20578
2183
5767
3125
20076
2896
8340
3754
9952
19300
703
190
20658
10384
1414
14751
5919
8949
19606
12809
14253
20115
5079
10823
20770
8938
4986
9942
7685
9869
18838
16924
15548
20219
2602
13250
4638
3240
5877
18612
13776
12329
6987
8439
774
11710
17713
19707
4821
4995
3247
16899
18219
2571
2543
8953
17447
3048
8508
4003
1675
2739
14972
4527
1734
14864
2083
15336
18275
10676
11078
9227
5915
6420
9598
6945
2745
2157
9598
6561
15926
5807
5853
9124
18802
8893
11626
14448
16752
12125
9900
1801
5861
11702
18718
